#JOSM PicLayer plugin calibration data
#Wed Feb 26 16:42:19 CET 2020
POSITION_Y=2892064.5909421104
POSITION_X=6146843.011617347
M12=-558.6393188563097
M11=-0.033386016537239036
M10=-0.05779651393818939
M02=-2179.6830091915167
INITIAL_SCALE=13.515605833660162
M01=0.05779651393818939
M00=-0.033386016537239036
