#JOSM PicLayer plugin calibration data
#Thu Feb 20 18:03:05 CET 2020
POSITION_Y=2892076.702180236
POSITION_X=6146832.397955277
M12=-487.5527940634475
M11=0.04583687117670443
M10=0.07979856919657317
M02=-2053.8723837409284
INITIAL_SCALE=13.515605833660162
M01=-0.07979856919657317
M00=0.04583687117670443
