#JOSM PicLayer plugin calibration data
#Thu Feb 20 18:03:12 CET 2020
POSITION_Y=2906137.9802722186
POSITION_X=6173766.597215124
M12=987.1167636851504
M11=0.021157667022745522
M10=0.14069073176439562
M02=-5221.393014365807
INITIAL_SCALE=13.503139344569783
M01=-0.14069073176439562
M00=0.021157667022745522
