#JOSM PicLayer plugin calibration data
#Sun Dec 13 20:32:55 CET 2020
POSITION_Y=6312178.305679475
POSITION_X=1410288.2524628253
M12=668.627218635498
M11=0.06280326711395207
M10=0.015326444959296918
M02=-391.467717934823
INITIAL_SCALE=19.502953519309674
M01=-0.015326444959296918
M00=0.06280326711395207
