#JOSM PicLayer plugin calibration data
#Sun Dec 13 20:31:59 CET 2020
POSITION_Y=6311602.303405294
POSITION_X=1409973.9947586462
M12=-1105.5839462588244
M11=0.06355893987526821
M10=0.014149279261808952
M02=352.36553896214235
INITIAL_SCALE=19.50290789239327
M01=-0.014149279261808952
M00=0.06355893987526821
