#JOSM PicLayer plugin calibration data
#Sun Dec 13 20:33:22 CET 2020
POSITION_Y=6311937.667134615
POSITION_X=1410284.4268791345
M12=-120.56698536955692
M11=0.06269801263374396
M10=0.015408133789766071
M02=-370.976012791202
INITIAL_SCALE=19.5027958982764
M01=-0.015408133789766071
M00=0.06269801263374396
