#JOSM PicLayer plugin calibration data
#Sun Dec 13 20:32:31 CET 2020
POSITION_Y=6312099.170047137
POSITION_X=1409671.4957603873
M12=273.8912268486412
M11=0.03187288953275943
M10=0.006939489750839165
M02=693.2000009243484
INITIAL_SCALE=39.00579366108433
M01=-0.006939489750839165
M00=0.03187288953275943
