#JOSM PicLayer plugin calibration data
#Sun Dec 13 20:31:19 CET 2020
POSITION_Y=6312212.567830949
POSITION_X=1410914.3047178076
M12=1732.1307985603999
M11=2.356362823697397
M10=0.0
M02=-5326.355991971107
INITIAL_SCALE=9.75146241518102
M01=0.0
M00=2.356362823697397
