#JOSM PicLayer plugin calibration data
#Wed Mar 11 17:41:42 CET 2020
POSITION_Y=7104935.240619576
POSITION_X=1123701.2003950067
M12=22.641691058803293
M11=0.22730085862537797
M10=-0.08550434391279632
M02=47.38574866161693
INITIAL_SCALE=17.695673882605448
M01=0.08301392612892847
M00=0.22068044526735725
