#JOSM PicLayer plugin calibration data
#Wed Mar 11 17:41:46 CET 2020
POSITION_Y=2906142.9068775577
POSITION_X=6173757.191877659
M12=981.7650921233171
M11=0.01913156595280711
M10=0.12721790218201237
M02=-5175.963539989951
INITIAL_SCALE=13.503139344569783
M01=-0.12721790218201237
M00=0.01913156595280711
