#JOSM PicLayer plugin calibration data
#Wed Feb 26 16:42:24 CET 2020
POSITION_Y=2903258.8273249664
POSITION_X=6170754.276632658
M12=-616.519138116844
M11=0.025002117255892572
M10=0.05021521001564596
M02=-6525.572923638754
INITIAL_SCALE=13.505573802530899
M01=-0.05021521001564596
M00=0.025002117255892572
