#JOSM PicLayer plugin calibration data
#Thu Feb 20 15:52:51 CET 2020
POSITION_Y=2903389.9796800157
POSITION_X=6169805.233145848
M12=102.86468141986433
M11=0.4356708106719904
M10=0.0
M02=-58.89543934294882
INITIAL_SCALE=27.011198797643107
M01=0.0
M00=0.4356708106719904
