#JOSM PicLayer plugin calibration data
#Thu Feb 20 15:52:55 CET 2020
POSITION_Y=2903290.999550739
POSITION_X=6169827.77624684
M12=-296.04309963917075
M11=1.8680407905846883
M10=0.0
M02=114.53733687071464
INITIAL_SCALE=13.505570973441682
M01=0.0
M00=1.8680407905846883
