#JOSM PicLayer plugin calibration data
#Wed May 27 12:49:45 CEST 2020
POSITION_Y=2902482.8123385864
POSITION_X=6167878.911946326
M12=-66.52348612906921
M11=-0.0012862802294869302
M10=-0.13704066618522237
M02=-45.03044817163862
INITIAL_SCALE=13.506334347988917
M01=0.13704066618522237
M00=-0.0012862802294869302
