#JOSM PicLayer plugin calibration data
#Wed May 27 12:49:51 CEST 2020
POSITION_Y=2902159.448924122
POSITION_X=6168232.226881887
M12=-145.86235162691779
M11=-0.00991545151382682
M10=-0.40794905581942525
M02=-196.54838722072532
INITIAL_SCALE=108.0519031415108
M01=0.40794905581942525
M00=-0.00991545151382682
