#JOSM PicLayer plugin calibration data
#Tue Mar 10 19:23:19 CET 2020
POSITION_Y=6891856.872332539
POSITION_X=1484808.6448067033
M12=-1144.7534138587544
M11=0.23252101144037376
M10=-0.034820935240700464
M02=-1139.0221419234076
INITIAL_SCALE=9.087052153301672
M01=0.034820935240700464
M00=0.23252101144037376
