#JOSM PicLayer plugin calibration data
#Tue Mar 10 19:23:23 CET 2020
POSITION_Y=6892111.712339801
POSITION_X=1484609.079818427
M12=0.06984247320824839
M11=0.9885567575785487
M10=-0.1508493853013222
M02=-0.08130860336986932
INITIAL_SCALE=18.17416640916025
M01=0.1508493853013222
M00=0.9885567575785487
