#JOSM PicLayer plugin calibration data
#Thu May 07 14:14:56 CEST 2020
POSITION_Y=2889722.1579813724
POSITION_X=6145368.74837112
M12=12.048190030872691
M11=0.1394047279566896
M10=0.11895764359859058
M02=42.76135787752974
INITIAL_SCALE=6.758908800594197
M01=-0.11895764359859058
M00=0.1394047279566896
