#JOSM PicLayer plugin calibration data
#Mon Dec 07 13:00:05 CET 2020
POSITION_Y=6603116.875070325
POSITION_X=893752.8294299947
M12=406.029013273673
M11=-0.005812213170848765
M10=-0.1342404578233586
M02=-1308.2977842134885
INITIAL_SCALE=9.416068736951733
M01=0.1342404578233586
M00=-0.005812213170848765
