#JOSM PicLayer plugin calibration data
#Wed Oct 07 16:32:42 CEST 2020
POSITION_Y=6127536.247311252
POSITION_X=1292322.4047363966
M12=1295.1517157271576
M11=-0.7172615506416735
M10=-0.5513152630305376
M02=-1629.2446213242924
INITIAL_SCALE=2.4913769297981716
M01=0.5513152630305376
M00=-0.7172615506416735
