#JOSM PicLayer plugin calibration data
#Tue Mar 03 09:58:51 CET 2020
POSITION_Y=2906011.891236866
POSITION_X=6172974.709572636
M12=106.46896521988438
M11=0.5326585804411275
M10=0.0
M02=20.44607607746981
INITIAL_SCALE=5.120001518793899
M01=0.0
M00=0.5326585804411275
