#JOSM PicLayer plugin calibration data
#Thu Jul 09 18:12:55 CEST 2020
POSITION_Y=2902475.2730648625
POSITION_X=6167859.784102517
M12=-232.7402079954919
M11=4.1126825023696325E-5
M10=-0.2854795710783701
M02=201.60447067924673
INITIAL_SCALE=6.753152189498594
M01=0.2854795710783701
M00=4.1126825023696325E-5
