#JOSM PicLayer plugin calibration data
#Tue Jan 21 11:28:49 CET 2020
POSITION_Y=6894169.541356413
POSITION_X=1497256.8691556724
M12=-7.4307061530172
M11=0.026858480552078557
M10=0.170536242571744
M02=-8.992904455292102
INITIAL_SCALE=72.67765774919039
M01=-0.170536242571744
M00=0.026858480552078557
