#JOSM PicLayer plugin calibration data
#Sat Sep 21 18:06:18 CEST 2019
POSITION_Y=2891912.7615559534
POSITION_X=6135745.740517538
M12=-29.206873431242304
M11=0.2384912449246523
M10=0.27579306033956585
M02=3.4398069426324227
INITIAL_SCALE=7.725758952377745
M01=-0.27579306033956585
M00=0.2384912449246523
